,pct_contractile_area
0,0.48445557
1,0.40746436
2,0.36417034000000004
3,0.61226554
4,0.6765173299999999
5,0.6413823200000001
6,0.58751286
7,0.48369031999999995
8,0.59509991
9,0.481852
10,0.44605275
11,0.5507622
12,0.54722865
13,0.52969171
14,0.5184338275
15,0.27883238
16,0.45359832
17,0.46599997000000004
18,0.43386901
19,0.40426165
20,0.39129379999999997
21,0.51044703
22,0.51608681
23,0.54773532
24,0.19876468
25,0.58767083
26,0.6291952
27,0.5302513600000001
28,0.44674815
29,0.5173376900000001
30,0.42718058
31,0.40719188
32,0.74293926
33,0.5235663
34,0.48284270999999995
35,0.3741762
36,0.38282441
37,0.56834657
38,0.43170999000000004
39,0.46197741999999997
40,0.39997079
41,0.39997079
42,0.32010035000000003
43,0.48910623999999997
44,0.57655857
45,0.43609591000000003
46,0.62596609
47,0.531031
48,0.531031
49,0.531031
50,0.6562857200000001
51,0.60131879
52,0.53634104
53,0.5759768900000001
54,0.56630285
55,0.45614275
56,0.15034766
57,0.40925722999999997
58,0.38461311000000004
59,0.4755839
60,0.61312824
61,0.5436774400000001
62,0.50760868
63,0.5548047866666668
64,0.5548047866666668
65,0.61564588
66,0.59689576
67,0.67897762
68,0.6853850300000001
69,0.6442260725
70,0.5157836434984986
71,0.5157836434984986
72,0.5157836434984986
73,0.5157836434984986
74,0.5157836434984986
75,0.56908484
76,0.57001442
77,0.5073495
78,0.5634391
79,0.58529926
80,0.38440691
81,0.61354579
82,0.38053758000000004
83,0.47978725
84,0.53311729
85,0.5399388900000001
86,0.5157836434984985
87,0.5157836434984985
88,0.5157836434984985
89,0.5157836434984985
90,0.72255504
91,0.52854442
92,0.61850705
93,0.49234627000000003
94,0.590488195
95,0.48806096
96,0.54002701
97,0.5092542999999999
98,0.53673617
99,0.48080315
100,0.6308521300000001
101,0.48243547
102,0.5117638
103,0.5416838
104,0.5416838
105,0.530246
106,0.4427389
107,0.65761023
108,0.5525068399999999
109,0.33664758
110,0.55971603
111,0.42355177
112,0.55674095
113,0.42606346
114,0.55350509
115,0.5417712499999999
116,0.6505415499999999
117,0.5961563999999999
118,0.5961563999999999
119,0.5961563999999999
120,0.43530188000000003
121,0.60801636
122,0.5443652999999999
123,0.5855814699999999
124,0.61633691
125,0.5266060800000001
126,0.47571588
127,0.39111678
128,0.32305301
129,0.42674138999999994
130,0.4644957692921145
131,0.4644957692921145
132,0.4644957692921145
133,0.4644957692921145
134,0.4644957692921145
135,0.36702475999999995
136,0.34664828
137,0.35683652
138,0.35683652
139,0.35683652
140,0.58240911
141,0.23789128
142,0.45642774
143,0.4255760433333333
144,0.4255760433333333
145,0.56232238
146,0.42151381
147,0.49063675
148,0.60178954
149,0.53698464
150,0.37288998999999995
151,0.32954555999999996
152,0.6072723400000001
153,0.18905075
154,0.40135841
155,0.34190652
156,0.46449576929211445
157,0.46449576929211445
158,0.46449576929211445
159,0.46449576929211445
160,0.50271173
161,0.52224993
162,0.35927259999999994
163,0.36071777
164,0.54737134
165,0.52849183
166,0.53930383
167,0.61020813
168,0.27600436
169,0.4885020375
170,0.75121218
171,0.72157882
172,0.6942787300000001
173,0.39907237
174,0.47608521000000004
175,0.39407956
176,0.28669509000000004
177,0.47262827
178,0.35599705
179,0.5938015999999999
180,0.53017475
181,0.58169447
182,0.6232244
183,0.6258678599999999
184,0.62489184
185,0.28574626999999997
186,0.6277889299999999
187,0.4221973
188,0.44946226
189,0.46779264
190,0.56348852
191,0.46318246
192,0.46438630000000003
193,0.47663334999999996
194,0.47300891
195,0.49752265
196,0.60326388
197,0.27519643
198,0.27600436
199,0.30036806
200,0.49095408
201,0.48046736
202,0.40584336
203,0.40141378000000005
204,0.58716199
205,0.50213938
206,0.49863242999999996
207,0.48835964
208,0.58048149
209,0.56181969
210,0.30036806
211,0.4644957692921145
212,0.4644957692921145
213,0.4644957692921145
214,0.4644957692921145
215,0.35986162
216,0.4644957692921145
217,0.4644957692921145
218,0.4644957692921145
219,0.4644957692921145
220,0.51467042
221,0.54869625
222,0.59236238
223,0.07055422
224,0.47198447
225,0.32178525999999996
226,0.5016049300000001
227,0.35544116000000003
228,0.41879275
229,0.53238518
230,0.42123735
231,0.53078362
232,0.6214601
233,0.60844681
234,0.5822785300000001
235,0.45938654999999995
236,0.48938308999999997
237,0.38107798000000004
238,0.46356171
239,0.59726707
240,0.44631590000000004
241,0.11974007
242,0.28302798500000004
243,0.28302798500000004
244,0.28302798500000004
245,0.24619615
246,0.43549715999999994
247,0.46020658
248,0.35135649999999996
249,0.38500665
250,0.07366327
251,0.45196462
252,0.5753519500000001
253,0.40415647
254,0.42636829
255,0.65100793
256,0.59008587
257,0.6414041500000001
258,0.27771745
259,0.4753521
260,0.46331108797619047
261,0.46331108797619047
262,0.46331108797619047
263,0.46331108797619047
264,0.46331108797619047
265,0.40319375
266,0.6124792800000001
267,0.507836515
268,0.507836515
269,0.507836515
270,0.53285215
271,0.4633110879761904
272,0.4633110879761904
273,0.4633110879761904
274,0.4633110879761904
275,0.37599011
276,0.32531404
277,0.41180999999999995
278,0.45816643
279,0.33572634
280,0.36060187
281,0.60672658
282,0.72389284
283,0.37628462
284,0.34283253
285,0.35050095
286,0.35108382
287,0.51339592
288,0.25392192999999996
289,0.47927502
290,0.34244335
291,0.36429656
292,0.44579436
293,0.25178493
294,0.35107980000000005
295,0.46331108797619047
296,0.46331108797619047
297,0.46331108797619047
298,0.46331108797619047
299,0.46331108797619047
300,0.5191002
301,0.65753224
302,0.43629139
303,0.5037324000000001
304,0.54482572
305,0.55084595
306,0.45967709
307,0.43785901000000005
308,0.4827940166666667
309,0.4827940166666667
310,0.48771406
311,0.37743528
312,0.60273658
313,0.46579118999999997
314,0.4834192775
315,0.4633110879761904
316,0.4633110879761904
317,0.4633110879761904
318,0.4633110879761904
319,0.4633110879761904
320,0.5907001000000001
321,0.75030424
322,0.67050217
323,0.67050217
324,0.67050217
325,0.45467356999999997
326,0.24455470999999998
327,0.5107475
328,0.42376174
329,0.40843438
330,0.4633110879761903
331,0.4633110879761903
332,0.4633110879761903
333,0.4633110879761903
334,0.4633110879761903
335,0.47316609
336,0.51626205
337,0.38593742
338,0.45393411
339,0.42577669
340,0.6087701
341,0.57844412
342,0.50080733
343,0.6405279500000001
344,0.5821373750000001
345,0.46331108797619014
346,0.46331108797619014
347,0.46331108797619014
348,0.46331108797619014
349,0.46331108797619014
350,0.46331108797619014
351,0.18997318
352,0.28694714
353,0.52591307
354,0.3342777966666666
355,0.3342777966666666
356,0.4693512852956991
357,0.4693512852956991
358,0.4693512852956991
359,0.4693512852956991
360,0.4693512852956991
361,0.4693512852956991
362,0.4693512852956991
363,0.4693512852956991
364,0.4693512852956991
365,0.4693512852956991
366,0.4693512852956991
367,0.4693512852956991
368,0.4693512852956991
369,0.4693512852956991
370,0.4693512852956991
371,0.311265
372,0.54521986
373,0.5328763599999999
374,0.34623807
375,0.44773071000000003
376,0.24001795999999997
377,0.21181052
378,0.37515738
379,0.51767467
380,0.39807492000000005
381,0.46935128529569886
382,0.46935128529569886
383,0.65394233
384,0.60345083
385,0.62869658
386,0.62869658
387,0.62869658
388,0.45312897
389,0.58037532
390,0.44061520000000004
391,0.58361058
392,0.5606337
393,0.53780467
394,0.29454669
395,0.48742232
396,0.6956082000000001
397,0.59157569
398,0.4693512852956989
399,0.4693512852956989
400,0.4693512852956989
401,0.23691427
402,0.2304618
403,0.44851779999999997
404,0.44159875
405,0.49402562000000005
406,0.46935128529569886
407,0.44444781999999994
408,0.5686264
409,0.41154665
410,0.58385389
411,0.54424206
412,0.564047975
413,0.43052737
414,0.45774808
415,0.46935128529569886
416,0.46935128529569886
417,0.46935128529569886
418,0.46935128529569886
419,0.46935128529569886
420,0.46935128529569886
421,0.54983719
422,0.74188505
423,0.49545214000000004
424,0.46935128529569886
425,0.46935128529569886
426,0.5254965
427,0.32629859000000005
428,0.4693512852956989
429,0.52213244
430,0.3466594
431,0.59296272
432,0.57834906
433,0.62352367
434,0.59228419
435,0.42584833000000005
436,0.60447467
437,0.469351285295699
438,0.469351285295699
439,0.469351285295699
440,0.469351285295699
441,0.469351285295699
442,0.469351285295699
443,0.469351285295699
444,0.469351285295699
445,0.469351285295699
446,0.28721982
447,0.16437368
448,0.41214381000000005
449,0.54422479
450,0.56556995
451,0.37822653
452,0.4693512852956992
453,0.4693512852956992
454,0.4693512852956992
455,0.4693512852956992
456,0.4693512852956992
457,0.4693512852956992
458,0.4693512852956992
459,0.4693512852956992
460,0.4693512852956992
461,0.14218428
462,0.26927841
463,0.14813108
464,0.18653125666666667
465,0.18653125666666667
466,0.37295628000000003
467,0.4340901562328768
468,0.4340901562328768
469,0.4340901562328768
470,0.4340901562328768
471,0.36765447
472,0.33026299000000003
473,0.46346566
474,0.3871277066666667
475,0.3871277066666667
476,0.49439951
477,0.4340901562328768
478,0.4340901562328768
479,0.4340901562328768
480,0.4340901562328768
481,0.40766501
482,0.40104246000000005
483,0.40435373500000005
484,0.40435373500000005
485,0.40435373500000005
486,0.4340901562328769
487,0.4340901562328769
488,0.4340901562328769
489,0.4340901562328769
490,0.4340901562328769
491,0.67325448
492,0.5235665
493,0.59841049
494,0.59841049
495,0.59841049
496,0.4340901562328767
497,0.4340901562328767
498,0.4340901562328767
499,0.4340901562328767
500,0.4340901562328767
501,0.66829819
502,0.60197609
503,0.71537463
504,0.6618829700000001
505,0.6618829700000001
506,0.43409015623287667
507,0.43409015623287667
508,0.43409015623287667
509,0.43409015623287667
510,0.43409015623287667
511,0.59536704
512,0.24352669
513,0.41944686499999995
514,0.41944686499999995
515,0.41944686499999995
516,0.31966969
517,0.2909673
518,0.34775011999999994
519,0.31946236999999994
520,0.31946236999999994
521,0.4340901562328767
522,0.4340901562328767
523,0.4340901562328767
524,0.4340901562328767
525,0.4340901562328767
526,0.4340901562328767
527,0.4340901562328767
528,0.4340901562328767
529,0.4340901562328767
530,0.4340901562328767
531,0.50551813
532,0.50039831
533,0.50329857
534,0.53326752
535,0.43919781
536,0.21029589
537,0.38899288
538,0.47966856999999996
539,0.39848255
540,0.20934527
541,0.42612478000000004
542,0.41941232999999994
543,0.422768555
544,0.422768555
545,0.422768555
546,0.62365049
547,0.6960586999999999
548,0.62690698
549,0.6488720566666666
550,0.6488720566666666
551,0.38774061000000004
552,0.35846368
553,0.3349974
554,0.47995256
555,0.37347603999999995
556,0.6164415000000001
557,0.4340901562328767
558,0.4340901562328767
559,0.4340901562328767
560,0.4340901562328767
561,0.38569212999999997
562,0.37929007
563,0.41240437999999996
564,0.51689096
565,0.50176906
566,0.47693362
567,0.14012846
568,0.20874870999999998
569,0.30256182
570,0.53298909
